e0 = 8.854187817*10^-12;
k   = 1/(4*pi*e0)